%YAML 1.0
---
camera_matrix: !!opencv-matrix
   rows: 3
   cols: 3
   dt: d
   data: [ 1.4101407201599375e+03, 0., 9.7493872520558739e+02, 0.,
       1.4090755760238280e+03, 5.8888489479705015e+02, 0., 0., 1. ]
distortion_coefficients: !!opencv-matrix
   rows: 5
   cols: 1
   dt: d
   data: [ -2.0723150994388445e-01, 3.1324371691691966e-01,
       2.7651396995323664e-04, 8.2446456956571990e-04,
       -3.6735627289854539e-01 ]
nframes: 24
camera poses:
   - !!opencv-matrix
      rows: 4
      cols: 4
      dt: d
      data: [ 5.1936029396354599e-01, 8.2820132073137120e-01,
          -2.1058836006035880e-01, -8.7998765630853154e-02,
          -8.5105043438900596e-01, 5.2357537042814228e-01,
          -3.9774232957000263e-02, 3.6537929416970476e-02,
          7.7317806360392524e-02, 1.9987847262735897e-01,
          9.7676535206761450e-01, 3.3447652650000481e-01, 0., 0., 0., 1. ]
   - !!opencv-matrix
      rows: 4
      cols: 4
      dt: d
      data: [ 5.6675432586282459e-01, 6.8298672448509457e-01,
          -4.6078049903711943e-01, -1.6609358458066240e-01,
          -7.2390363240248490e-01, 6.7985378243739381e-01,
          1.1731310881592397e-01, -9.7725280309508920e-03,
          3.9338666107312686e-01, 2.6707296509135925e-01,
          8.7972664288803171e-01, 2.8655275271637926e-01, 0., 0., 0., 1. ]
   - !!opencv-matrix
      rows: 4
      cols: 4
      dt: d
      data: [ 5.7729638664556315e-01, 5.4361720282142367e-01,
          -6.0926941393983292e-01, -1.5826658384727715e-01,
          -7.1049533933509235e-01, 7.0214917804446819e-01,
          -4.6721564128242188e-02, -1.0926175575881906e-02,
          4.0239937220265182e-01, 4.5985526915333758e-01,
          7.9158567235822486e-01, 2.7595780640231082e-01, 0., 0., 0., 1. ]
   - !!opencv-matrix
      rows: 4
      cols: 4
      dt: d
      data: [ 5.6907280449166930e-01, 6.5576175179971974e-01,
          -4.9611759499593339e-01, -1.5981524260014218e-01,
          -7.2114580259117289e-01, 6.8790477544524364e-01,
          8.2071623139560429e-02, -7.9962665565019349e-03,
          3.9510109414315647e-01, 3.1106839247373175e-01,
          8.6436773459603922e-01, 2.8128065648311185e-01, 0., 0., 0., 1. ]
   - !!opencv-matrix
      rows: 4
      cols: 4
      dt: d
      data: [ 4.9107074743706669e-01, 8.5840492405461988e-01,
          -1.4829196664142921e-01, -5.2054024246492248e-02,
          -8.6680241146371495e-01, 4.6457780862644049e-01,
          -1.8116577825997604e-01, 1.0855152690673088e-02,
          -8.6620439229370405e-02, 2.1750504842563195e-01,
          9.7220802990773225e-01, 3.4799373064723083e-01, 0., 0., 0., 1. ]
   - !!opencv-matrix
      rows: 4
      cols: 4
      dt: d
      data: [ 3.5058440413546160e-01, 9.3625684670891485e-01,
          -2.2664786953835087e-02, -6.3528430702879266e-02,
          -8.9315959998937744e-01, 3.2697117457256558e-01,
          -3.0879731207614486e-01, 4.1115793821423385e-02,
          -2.8170286566486769e-01, 1.2850279370237921e-01,
          9.5085778510084518e-01, 4.1026104295347571e-01, 0., 0., 0., 1. ]
   - !!opencv-matrix
      rows: 4
      cols: 4
      dt: d
      data: [ 3.6272608314800342e-01, 9.3134532777265411e-01,
          3.2026068134491367e-02, -8.1301114601201166e-02,
          -8.9271939463664485e-01, 3.5713178484537550e-01,
          -2.7478895664261793e-01, 6.1783594559430548e-02,
          -2.6736093776707515e-01, 7.1082829777688303e-02,
          9.6097105069148991e-01, 3.4214425591884290e-01, 0., 0., 0., 1. ]
   - !!opencv-matrix
      rows: 4
      cols: 4
      dt: d
      data: [ 2.9373157076156819e-01, 9.5461941292893970e-01,
          4.9229470819300958e-02, -1.1829992910227614e-01,
          -8.9879771078353776e-01, 2.9335381436872332e-01,
          -3.2573948898712390e-01, 8.6620195377582171e-02,
          -3.2539889278885675e-01, 5.1432636083785815e-02,
          9.4417701969347823e-01, 3.6001383361825612e-01, 0., 0., 0., 1. ]
   - !!opencv-matrix
      rows: 4
      cols: 4
      dt: d
      data: [ 2.7019194690784298e-01, 9.5889249583463410e-01,
          -8.6726542985267357e-02, -7.4633432624714266e-02,
          -8.8513660894412194e-01, 2.1194156131089487e-01,
          -4.1426315078220577e-01, 8.7668812133834192e-02,
          -3.7885286765847470e-01, 1.8869540540544769e-01,
          9.0601575518631239e-01, 3.6708107509004578e-01, 0., 0., 0., 1. ]
   - !!opencv-matrix
      rows: 4
      cols: 4
      dt: d
      data: [ 2.7336666179036406e-01, 9.4966968272928365e-01,
          -1.5296457735846589e-01, -1.0033525978427428e-01,
          -8.6843288948052288e-01, 1.7527892860593541e-01,
          -4.6379048465364736e-01, 7.7372189799121430e-02,
          -4.1363629517983835e-01, 2.5962432646348221e-01,
          8.7263980221983939e-01, 2.9733239164167519e-01, 0., 0., 0., 1. ]
   - !!opencv-matrix
      rows: 4
      cols: 4
      dt: d
      data: [ 3.5558254010349388e-01, 9.1192979489897530e-01,
          2.0480504473537761e-01, -1.4943015399291362e-01,
          -8.7922569327939359e-01, 4.0070185025173827e-01,
          -2.5768237712774072e-01, 5.1539170805192701e-03,
          -3.1705399768953679e-01, -8.8442503245591150e-02,
          9.4427468787886970e-01, 3.3133930433867331e-01, 0., 0., 0., 1. ]
   - !!opencv-matrix
      rows: 4
      cols: 4
      dt: d
      data: [ 9.5766509011314072e-01, -1.3702453344953341e-01,
          2.5318343628983286e-01, 1.3910857736041710e-03,
          9.5930607593352868e-02, 9.8108859215263022e-01,
          1.6811452309286140e-01, -9.4861728353183988e-02,
          -2.7143119515884739e-01, -1.3670936903119613e-01,
          9.5269914176183235e-01, 3.6772830721920718e-01, 0., 0., 0., 1. ]
   - !!opencv-matrix
      rows: 4
      cols: 4
      dt: d
      data: [ 9.7977146000246362e-01, -1.9177415304911738e-01,
          -5.7188813477239531e-02, -6.3756857183819904e-02,
          1.9995222441860627e-01, 9.2643844905924966e-01,
          3.1895283045419648e-01, -1.1678249270166607e-01,
          -8.1849932615797420e-03, -3.2393591083266110e-01,
          9.4604362032536438e-01, 3.1842958143093242e-01, 0., 0., 0., 1. ]
   - !!opencv-matrix
      rows: 4
      cols: 4
      dt: d
      data: [ 9.7520734630871608e-01, -1.0003366306990924e-01,
          1.9739275052120775e-01, -2.9291857774651920e-03,
          1.3645845374459348e-01, 9.7405601228449845e-01,
          -1.8053801631250876e-01, -8.0018088592143433e-02,
          -1.7421171633144117e-01, 2.0299790931247769e-01,
          9.6355701788094328e-01, 2.9218978204024004e-01, 0., 0., 0., 1. ]
   - !!opencv-matrix
      rows: 4
      cols: 4
      dt: d
      data: [ 9.0816479563286268e-01, -3.5685918076301076e-01,
          -2.1883379327305369e-01, -2.8469324272175529e-02,
          2.7213481505896814e-01, 9.0051641240962144e-01,
          -3.3913542046463635e-01, -8.6178590393350296e-02,
          3.1808701074696838e-01, 2.4843855595711645e-01,
          9.1493111079905942e-01, 2.5937006191602968e-01, 0., 0., 0., 1. ]
   - !!opencv-matrix
      rows: 4
      cols: 4
      dt: d
      data: [ 9.8398176587371644e-01, -1.7740107555179041e-01,
          -1.7571079110592674e-02, -6.9272529262777091e-02,
          1.6812063077646161e-01, 9.5622860947697508e-01,
          -2.3950427955478237e-01, -9.4717046368106517e-02,
          5.9290285337207066e-02, 2.3271378302713103e-01,
          9.7073629645431203e-01, 2.9129545824711695e-01, 0., 0., 0., 1. ]
   - !!opencv-matrix
      rows: 4
      cols: 4
      dt: d
      data: [ 9.8629021568663755e-01, -1.6357646372522019e-01,
          2.1779599536209202e-02, -7.2400297280322060e-02,
          1.6103541495955195e-01, 9.2522737175508296e-01,
          -3.4354316422246911e-01, -8.5462692271231461e-02,
          3.6044494303719005e-02, 3.4234054838761530e-01,
