%YAML 1.0
---
rgb_pose_0: !!opencv-matrix
   rows: 4
   cols: 4
   dt: d
   data: [ 1., 0., 0., -5.49e-02, 0., -1., 0.,
       4.304e-01, 0., 0., -1., 2.0000000000000001e-01, 0.,
       0., 0., 1. ]
rgb_pose_1: !!opencv-matrix
   rows: 4
   cols: 4
   dt: d
   data: [ 1., 0., 0., -5.65e-02, 0., -1., 0.,
       4.302e-01, 0., 0., -1., 2.0000000000000001e-01, 0.,
       0., 0., 1. ]
rgb_pose_2: !!opencv-matrix
   rows: 4
   cols: 4
   dt: d
   data: [ 1., 0., 0., -5.48e-02, 0., -1., 0.,
       4.3e-01, 0., 0., -1., 2.0000000000000001e-01, 0.,
       0., 0., 1. ]
rgb_pose_3: !!opencv-matrix
   rows: 4
   cols: 4
   dt: d
   data: [ 1., 0., 0., -5.6e-02, 0., -1., 0.,
       4.304e-01, 0., 0., -1., 2.0000000000000001e-01, 0.,
       0., 0., 1. ]
rgb_pose_4: !!opencv-matrix
   rows: 4
   cols: 4
   dt: d
   data: [ 1., 0., 0., -5.8099999999999999e-02, 0., -1., 0.,
       4.2859989999999998e-01, 0., 0., -1., 2.0000000000000001e-01, 0.,
       0., 0., 1. ]
