%YAML 1.0
---
rgb_pose_0: !!opencv-matrix
   rows: 4
   cols: 4
   dt: d
   data: [ 1., 0., 0., -5.76e-02, 0., -1., 0.,
       4.281e-01, 0., 0., -1., 2.0000000000000001e-01, 0.,
       0., 0., 1. ]
rgb_pose_1: !!opencv-matrix
   rows: 4
   cols: 4
   dt: d
   data: [ 1., 0., 0., -5.87e-02, 0., -1., 0.,
       4.286e-01, 0., 0., -1., 2.0000000000000001e-01, 0.,
       0., 0., 1. ]
rgb_pose_2: !!opencv-matrix
   rows: 4
   cols: 4
   dt: d
   data: [ 1., 0., 0., -5.76e-02, 0., -1., 0.,
       4.271e-01, 0., 0., -1., 2.0000000000000001e-01, 0.,
       0., 0., 1. ]
rgb_pose_3: !!opencv-matrix
   rows: 4
   cols: 4
   dt: d
   data: [ 1., 0., 0., -5.85e-02, 0., -1., 0.,
       4.285e-01, 0., 0., -1., 2.0000000000000001e-01, 0.,
       0., 0., 1. ]
rgb_pose_4: !!opencv-matrix
   rows: 4
   cols: 4
   dt: d
   data: [ 1., 0., 0., -5.81e-02, 0., -1., 0.,
       4.292e-01, 0., 0., -1., 2.0000000000000001e-01, 0.,
       0., 0., 1. ]
